space - all

OC

  Dimensions Classification      APRE
1          1      0.9442408 0.3157064
2          2      0.9592900 0.5003946
3          3      0.9701589 0.6337806
4          4      0.9766544 0.7134964
5          5      0.9832144 0.7940016

MDS

8427.89848694
1623.28335667
647.357563352
340.838758482
178.048016314

PCA

array([  5.88369599e+00,   6.85071015e-01,   6.16531668e-01,
         4.90976958e-01,   4.33745344e-01,   3.04449773e-01,
         2.08592048e-01,   2.07206841e-01,   1.82305743e-01,
         1.27020582e-01,   1.04942350e-01,   8.60205565e-02,
         7.53259861e-02,   7.35375516e-02,   6.03269140e-02,
         5.72369297e-02,   4.20560999e-02,   3.68764043e-02,
         3.02382308e-02,   2.23566687e-02,   1.41188641e-02,
         1.26224765e-02,   1.23715155e-02,   1.01512323e-02,
         8.44727685e-03,   5.75456851e-03,   5.49105138e-03,
         4.17203528e-03,   2.56841229e-03,   2.18388193e-03,
         2.13574137e-03,   1.72901425e-03,   1.46727703e-03,
         1.05643714e-03,   8.07364620e-04,   4.51161672e-04,
         4.25347845e-04,   2.92648390e-04,   2.05141118e-04,
         1.35889645e-04,   9.78191547e-05,   7.73502845e-05,
         7.36449869e-05,   3.14936499e-05,   2.59254389e-05,
         2.23016863e-05,   1.72018037e-05,   1.08750856e-05,
         4.26162263e-06,   3.86334575e-06,   2.20207954e-06,
         1.19922185e-09,   3.34276778e-32,   3.34276778e-32,
         3.34276778e-32,   3.34276778e-32,   3.34276778e-32,
         3.34276778e-32,   3.34276778e-32,   3.34276778e-32,
         3.34276778e-32,   3.34276778e-32,   3.34276778e-32,
         3.34276778e-32,   3.34276778e-32,   3.34276778e-32,
         3.34276778e-32,   3.34276778e-32,   3.34276778e-32,
         3.34276778e-32,   3.34276778e-32])

space - modal

OC 

  Dimensions Classification      APRE
1          1      0.9450361 0.3277311
2          2      0.9683099 0.6123949
3          3      0.9782721 0.7342437
4          4      0.9845414 0.8109244
5          5      0.9884060 0.8581933

MDS summed square of difference between observed and projected differences

8738.14326515
1756.10267283
700.13187886
337.380151194
214.333367805

PCA

array([  5.83973205e+00,   8.26820068e-01,   6.42316198e-01,
         5.16289073e-01,   4.62210819e-01,   3.54160331e-01,
         2.32652530e-01,   2.31428001e-01,   1.96801732e-01,
         1.40894158e-01,   1.09070785e-01,   9.12026256e-02,
         7.65107236e-02,   7.38896345e-02,   6.35910904e-02,
         5.92368029e-02,   4.60288528e-02,   3.28986163e-02,
         3.02776410e-02,   2.66172307e-02,   1.57710840e-02,
         1.53563935e-02,   1.02167259e-02,   9.30121154e-03,
         6.86664205e-03,   6.18032824e-03,   3.98889835e-03,
         3.76690526e-03,   2.57746916e-03,   2.05247462e-03,
         1.55253869e-03,   1.51084096e-03,   1.35288881e-03,
         1.01080510e-03,   8.38856482e-04,   5.32469292e-04,
         2.63708317e-04,   2.52421527e-04,   2.37447317e-04,
         2.31935895e-04,   9.51902870e-05,   9.05559680e-05,
         8.54818334e-05,   7.98694259e-05,   6.79623491e-05,
         5.51466286e-05,   4.25098542e-05,   3.93660412e-05,
         1.45227807e-05,   1.35900449e-05,   2.76641027e-06,
         2.68405624e-08,   3.72441119e-32,   3.72441119e-32,
         3.72441119e-32,   3.72441119e-32,   3.72441119e-32,
         3.72441119e-32,   3.72441119e-32,   3.72441119e-32,
         3.72441119e-32,   3.72441119e-32,   3.72441119e-32,
         3.72441119e-32,   3.72441119e-32,   3.72441119e-32,
         3.72441119e-32,   3.72441119e-32,   3.72441119e-32,
         3.72441119e-32,   3.72441119e-32])

space - proportional

MDS

7078.20013555
1318.11045758
526.951466033
258.613318407
152.079293594

PCA

array([  4.58286529e+00,   5.69803707e-01,   4.85072187e-01,
         4.00166500e-01,   3.55249155e-01,   2.56909690e-01,
         1.87462677e-01,   1.75927467e-01,   1.42450681e-01,
         1.06814991e-01,   8.40899205e-02,   6.61822589e-02,
         5.92775623e-02,   5.81602443e-02,   4.71155545e-02,
         4.39737049e-02,   3.28195194e-02,   2.91003383e-02,
         2.39331804e-02,   1.75095709e-02,   1.01655078e-02,
         9.93682627e-03,   8.85280398e-03,   8.22175695e-03,
         6.09502551e-03,   5.28028294e-03,   3.79252148e-03,
         2.19215282e-03,   1.68190699e-03,   1.49936188e-03,
         1.39517157e-03,   1.18594987e-03,   9.63343250e-04,
         6.70381964e-04,   6.22961270e-04,   3.00804954e-04,
         1.81153450e-04,   1.34888849e-04,   1.02430974e-04,
         8.87433869e-05,   5.94498751e-05,   4.38027555e-05,
         3.93961986e-05,   3.01988253e-05,   2.53967073e-05,
         2.36836830e-05,   1.32213383e-05,   1.11003480e-05,
         7.02034392e-06,   5.49612774e-06,   4.47183501e-07,
         2.23111402e-09,   2.51052842e-32,   2.51052842e-32,
         2.51052842e-32,   2.51052842e-32,   2.51052842e-32,
         2.51052842e-32,   2.51052842e-32,   2.51052842e-32,
         2.51052842e-32,   2.51052842e-32,   2.51052842e-32,
         2.51052842e-32,   2.51052842e-32,   2.51052842e-32,
         2.51052842e-32,   2.51052842e-32,   2.51052842e-32,
         2.51052842e-32,   2.51052842e-32])
